0 0 0 1 100.0810 0.0000
299 0 0 1 100.0770 0.0000
100 1 0 0 26.9970 0.2022
100 1 0 0 20.1540 0.2500
100 1 0 0 21.9630 0.2485
100 1 0 0 28.7400 0.1899
100 0 0 1 100.0650 0.0000
100 0 0 1 100.0340 0.0000
100 0 0 1 100.0650 0.0000
100 0 0 1 100.0980 0.0000
150 0 1 0 1.9900 0.0000
150 1 0 0 19.0450 0.2500
290 1 0 0 18.6810 0.2500
250 0 1 0 11.9630 0.0000
240 0 1 0 34.9030 0.0000
240 0 0 1 100.0420 0.0000
240 0 0 1 100.0010 0.0000
298 0 1 0 45.0070 0.0000
298 1 0 0 17.3620 0.2500
250 0 0 1 100.0920 0.0000
195 0 1 0 4.5170 0.0000
195 0 1 0 7.2550 0.0000
195 0 1 0 5.3770 0.0000
195 0 1 0 5.5660 0.0000
292 1 0 0 17.8250 0.2500
202 1 0 0 16.8480 0.2500
202 1 0 0 15.2080 0.2500
202 0 0 1 100.0140 0.0000
202 1 0 0 15.6940 0.2500
297 0 0 1 100.0220 0.0000
6 0 1 0 1.3640 0.0000
6 0 1 0 1.3730 0.0000
5 0 1 0 2.0170 0.0000
5 0 1 0 2.0090 0.0000
4 0 1 0 8.0710 0.0000
4 0 1 0 8.1040 0.0000
4 0 1 0 9.1060 0.0000
7 0 1 0 12.6570 0.0000
7 0 1 0 12.9200 0.0000
7 0 1 0 12.8930 0.0000
7 0 1 0 12.9270 0.0000
9 0 1 0 6.2040 0.0000
10 0 1 0 8.2120 0.0000
11 0 1 0 10.1890 0.0000
11 0 1 0 8.6700 0.0000
12 0 1 0 10.2470 0.0000
13 1 0 0 24.7630 0.2500
13 0 1 0 5.3660 0.0000
15 0 1 0 5.1610 0.0000
15 0 1 0 8.3930 0.0000
15 1 0 0 49.2160 0.1250
30 0 1 0 6.0750 0.0000
31 0 1 0 9.2440 0.0000
35 0 1 0 11.8900 0.0000
41 1 0 0 17.8080 0.2500
50 0 1 0 6.2290 0.0000
71 1 0 0 18.5930 0.2500
99 0 1 0 20.7420 0.0000
109 0 1 0 16.1430 0.0000
31 1 0 0 19.6310 0.2500
0 0 1 0 8.5950 0.0000
1 1 0 0 21.7900 0.2500
2 1 0 0 23.9390 0.2500
3 1 0 0 20.0890 0.2500
8 1 0 0 22.5880 0.2492
13 1 0 0 24.7130 0.2500
